.Random.seed <-
c(10403L, 10L, 1667497462L, 1693018912L, 1770661091L, -1756257919L, 
826636272L, 2069157518L, -1612940807L, 687272843L, -464429126L, 
-1330950468L, -1313257985L, 2006295381L, -1062742932L, 1279692994L, 
724063005L, 10234263L, -1244786434L, -1174429000L, 1400143003L, 
1469745913L, -1571242936L, -279240842L, -257660239L, 2099759843L, 
-303175246L, -1193829884L, -400289465L, -2116781027L, -54488428L, 
-544105926L, -558132091L, 156428639L, -1949611546L, 667588720L, 
-1638569069L, 1119026225L, -1297018144L, 542008190L, -687236599L, 
-114560453L, -103887862L, 1475761132L, 654751855L, -761063515L, 
-1645011108L, -1062157518L, 1458162221L, 1004054759L, -1202918898L, 
1585420264L, 1609492971L, -419825015L, -342298088L, 580811078L, 
-1829144671L, 312146483L, -1992886366L, -1808174444L, -1263163113L, 
1561253645L, 73846308L, -716196342L, -784453771L, 788421327L, 
-2039505450L, -1896730240L, -1570747965L, -1236123807L, -1975982640L, 
428733742L, -1373674279L, -1156563221L, -1600242854L, -599147236L, 
637598751L, 1206427765L, -844849908L, -414502686L, 398784957L, 
1076887095L, 880112862L, 343437336L, -623440005L, 379997977L, 
726774696L, 2129494870L, 20397009L, -2093396093L, -1218971118L, 
835480996L, -841442969L, 1471022781L, -1360957900L, 1141798298L, 
-1106005531L, -1114374785L, 1588704518L, 494882448L, -1304836301L, 
-1651338031L, -1969205632L, -1033939106L, 1190900905L, -893434021L, 
-1064452758L, 1757499404L, -1499658161L, -1323933435L, -1482614340L, 
605080722L, -1146620019L, -1939836985L, -142437202L, -1489218296L, 
-1807580405L, -2117521943L, 1594030776L, 1559420262L, -318777855L, 
-1834368877L, -1956578494L, 1335735540L, 597795063L, -1751115539L, 
-2076632188L, 888747434L, -228742379L, 198203823L, 262429110L, 
923369440L, 1652182819L, 488218689L, -230917328L, -1031851698L, 
-1896602695L, -1280813621L, -1553488262L, 1964837756L, 1328677823L, 
541420693L, 148173484L, 1684123778L, -648216483L, 1637070679L, 
1894754878L, -1376575880L, -2099839653L, -865145671L, 1041007880L, 
500139958L, 1727474929L, -943166685L, -599134862L, -1225324604L, 
-388390009L, -1683459747L, 67120980L, -1475676806L, 87838917L, 
-1128828385L, 7599526L, -1016105168L, 1133215187L, -1954313231L, 
-391975648L, -223810626L, -68033591L, -300207237L, -261942966L, 
-878150228L, 1635256495L, 2010944101L, -1227208164L, -1862310798L, 
382819053L, -784087257L, 272655182L, -1177392216L, 1983401899L, 
2094357705L, -1556796200L, -1388088954L, 220350561L, 1131915763L, 
1304221794L, 2091634388L, 1022400471L, 677168589L, 595648868L, 
-914447030L, -955046731L, 669852687L, 1325579542L, -345798720L, 
-334744701L, -1777303135L, 849227152L, -689512850L, -855996391L, 
-1773874005L, -1852348262L, 899119196L, -587270817L, 1833762613L, 
-1936633140L, 578424866L, -1283704195L, 1867829111L, 1722810526L, 
387071832L, 733506235L, 1409086553L, 295006184L, 1558919702L, 
-514114159L, 193111619L, -1814022830L, -593487388L, -236890073L, 
556835965L, -549123724L, 1956201818L, 310875045L, -472104001L, 
261976134L, 692747984L, 1201506547L, -1671222880L, 1656067772L, 
-1099524656L, -2009420446L, -854712344L, 424341452L, 1384839932L, 
1662709234L, 1430283392L, -2065800972L, 1271284360L, 89097018L, 
896532304L, 1984721516L, -1731676012L, 1150755154L, 2043389664L, 
-1300750644L, -691339104L, 920758146L, 1161668328L, -1767727380L, 
811024444L, 310677106L, 3087472L, -397491676L, 1565102136L, -470149094L, 
2072598224L, -564110276L, 1545389204L, 843245698L, 1325748160L, 
1101932860L, 1270025872L, 323684386L, 555337736L, 845102220L, 
2008691740L, -484867438L, 436449408L, 2146182164L, -749756120L, 
-295101894L, 988239056L, -1308935060L, -1697628492L, 115959826L, 
702328800L, 39766988L, -1838234144L, -1731651038L, 1537725736L, 
246754572L, 1840612924L, 262265074L, 1541531376L, -353403068L, 
273778264L, 1730693690L, -1183789328L, -20924228L, 2083691028L, 
264215746L, 1637903456L, -340193924L, 1463572688L, -1684321246L, 
1264510632L, 987835276L, 1929991612L, -1582373838L, 1331547968L, 
-465558348L, -919740600L, 1609904826L, 912146192L, -19184404L, 
-866915244L, 1516138258L, -284631136L, 1370989516L, 182311776L, 
1818977474L, -549962200L, 985071020L, -108074180L, -567912590L, 
289636144L, 1604253220L, 828124216L, 1699113178L, 936082832L, 
1166793468L, 373334932L, -1379836094L, -1591802368L, 964947516L, 
2014319184L, -197714270L, 530729800L, -1501306356L, -256419620L, 
-1516103086L, 213973120L, 594527060L, 1946865128L, -1405694214L, 
1387416400L, 2064944172L, 1824536948L, -1162471790L, 1773624928L, 
-1035766132L, 309008224L, -2133515550L, -1723019096L, 1623514316L, 
1124700668L, -512563278L, 485771760L, 786871748L, -183078056L, 
-534786182L, 1729684912L, 1341693372L, 1453829204L, 1839124418L, 
-699263200L, 174957500L, -568074672L, 1061394914L, 2078582120L, 
-1183591092L, 51657980L, -848190734L, 1732168448L, 1969778292L, 
-284034040L, 710543802L, -911594544L, 666031596L, 831094676L, 
318754514L, -1066857888L, -1545054900L, 574525728L, -1400412542L, 
-431520280L, 1051286508L, -787047876L, -1405933966L, 1295670128L, 
-431212252L, 382970424L, -1034901094L, -721015344L, -1927017028L, 
-30301036L, -67710846L, -1642760768L, -1090484420L, -1638131568L, 
-785380574L, 833716744L, -1845395188L, 1312696732L, -644113902L, 
224485248L, -1570606316L, -264922840L, 884547642L, 990860240L, 
-1328118164L, -1946521036L, -1501800814L, -1018557088L, -247324340L, 
-1794280480L, 1825882530L, 2039079336L, -220627316L, -469666372L, 
360456818L, -597611536L, 383031876L, -165011368L, 948155450L, 
-1222206352L, -1438186436L, 500489492L, 987423426L, -1752852768L, 
-1922409348L, 617415376L, -1385307742L, -891317208L, -256338164L, 
426673596L, -1697011918L, 1142066880L, 1687152692L, 94285512L, 
1047750842L, 1773421200L, 1078568684L, 1342919252L, 986770L, 
-1467001568L, 81272268L, -846991648L, 969718978L, -1939284952L, 
1888527276L, 131139260L, 51726322L, 858665520L, -1886168156L, 
339781048L, 1485768538L, 1520965776L, 1523902332L, -335289068L, 
-1142865598L, -764740352L, 1565843900L, -1264640688L, -1881080173L, 
-1844523852L, -861858366L, 957769175L, -88978911L, -944326170L, 
658903268L, -1660882923L, 2092527679L, 1251254232L, 1171956214L, 
-194338301L, 2074277189L, -1567760030L, -1132696880L, -1205713415L, 
1217015083L, 974253724L, -1921221430L, -800909889L, 1695672585L, 
482429470L, 1427392460L, -1920420451L, 1472884775L, 80305744L, 
148859630L, 1435177883L, 366215677L, 1915876586L, 1250361224L, 
-1026057935L, 412592547L, -1541530204L, 158466130L, -614919257L, 
1500547057L, -32890058L, 2062102484L, 1169118565L, 1205705071L, 
-1173150808L, -312555258L, 151611443L, 880295573L, 278992626L, 
-1125357760L, -684149591L, 1692256539L, -134000916L, -2036894982L, 
1889295151L, 619905849L, -865938098L, 1554981788L, -990467827L, 
1333603191L, 912310144L, 772812254L, -437071189L, -489419347L, 
603005466L, 1331311832L, -63473343L, 64414195L, 1493395476L, 
2147134882L, 1973988023L, 527336577L, -502647674L, 807301316L, 
860769781L, 610736223L, 1331774136L, -1424974954L, -1970214493L, 
461430117L, 144948354L, -182495760L, -2099829863L, -1540160117L, 
-342626180L, 1597215402L, -969306913L, -1851438487L, -998233986L, 
-2069303188L, 1159203005L, 779270535L, -1371787920L, 304453646L, 
-157493957L, 1439971869L, -306700598L, 808802792L, 1885605585L, 
-1780102461L, -713719356L, 1971660402L, 1165875015L, 155174673L, 
388610710L, -936222732L, 933325189L, 949740751L, -1814831672L, 
1959179366L, 1246360211L, 1663384053L, -1147005998L, 1477560352L, 
1158488585L, 1980480315L, 2081394316L, 1613374234L, 1535550863L, 
-1512113447L, -295119506L, 1188624636L, 1283211885L, 268705303L, 
-1623581728L, -1552062530L, 27399563L, 1858078221L, -552871366L, 
386511480L, -88860127L, -1548110637L, -1684163596L, -1309404030L, 
-1448657641L, 1792568289L, 1389116710L, 1176304676L, 1859942101L, 
1723085439L, -1475026152L, -621086154L, -1852728125L, -310431483L, 
-714987358L, 338787984L, -962758087L, -1539734805L, 1226277852L, 
1906370058L, 1284724991L, -1678148279L, -91246882L, -1398926196L, 
